R1 = 15000;
R2 = 15000;
R3 = 47000;
vref = 5;

V_h = vref * R2/(1/(1/R1+1/R3)+R2)
V_l = vref * (1/(1/R2+1/R3))/(1/(1/R2+1/R3)+R1)



